%YAML:1.0
sol_joints:
  1 : [ 0.000000, -0.000000, -0.541375, 1.074779, 0.515951, -0.000000] 
  2 : [ 0.000094, 0.002198, -0.540186, 1.072792, 0.515260, 0.000330] 
  3 : [ 0.000221, 0.004524, -0.539227, 1.071098, 0.514891, 0.000599] 
  4 : [ 0.000385, 0.006920, -0.538176, 1.069407, 0.514911, 0.000919] 
  5 : [ 0.000584, 0.009218, -0.537201, 1.067803, 0.515159, 0.001371] 
  6 : [ 0.000854, 0.011701, -0.536042, 1.066062, 0.515761, 0.002106] 
  7 : [ 0.001153, 0.014010, -0.534956, 1.064366, 0.516422, 0.003090] 
  8 : [ 0.001629, 0.016547, -0.534053, 1.063159, 0.517609, 0.004663] 
  9 : [ 0.002363, 0.019372, -0.532612, 1.060953, 0.518889, 0.006808] 
  10 : [ 0.002972, 0.022028, -0.531176, 1.059123, 0.520689, 0.009427] 
  11 : [ 0.003394, 0.024743, -0.529517, 1.056962, 0.522967, 0.012720] 
  12 : [ 0.003069, 0.027678, -0.527916, 1.055209, 0.525788, 0.017103] 
  13 : [ 0.001766, 0.030760, -0.526320, 1.053313, 0.528675, 0.022180] 
  14 : [ -0.000379, 0.033849, -0.524579, 1.051275, 0.531305, 0.027807] 
  15 : [ -0.002774, 0.036809, -0.523644, 1.050511, 0.533269, 0.033182] 
  16 : [ -0.006076, 0.040001, -0.521677, 1.048112, 0.535021, 0.039477] 
  17 : [ -0.009640, 0.043182, -0.520048, 1.045984, 0.536170, 0.045557] 
  18 : [ -0.014007, 0.046549, -0.518703, 1.044326, 0.537447, 0.052162] 
  19 : [ -0.020189, 0.050136, -0.516554, 1.041578, 0.538577, 0.059982] 
  20 : [ -0.023929, 0.053076, -0.515353, 1.039898, 0.538524, 0.065077] 
  21 : [ -0.029557, 0.056212, -0.513820, 1.037711, 0.538334, 0.071348] 
  22 : [ -0.031564, 0.058927, -0.512394, 1.035521, 0.537839, 0.074104] 
  23 : [ -0.034748, 0.061635, -0.510966, 1.033329, 0.537226, 0.077785] 
  24 : [ -0.038485, 0.064605, -0.509492, 1.030992, 0.536353, 0.081930] 
  25 : [ -0.043759, 0.067399, -0.507952, 1.028771, 0.535333, 0.086143] 
  26 : [ -0.046527, 0.070151, -0.506486, 1.026453, 0.534133, 0.089612] 
  27 : [ -0.048454, 0.072804, -0.505120, 1.024132, 0.533015, 0.092561] 
  28 : [ -0.051126, 0.075543, -0.503709, 1.021770, 0.531722, 0.095592] 
  29 : [ -0.054006, 0.078215, -0.502227, 1.019425, 0.530306, 0.098616] 
  30 : [ -0.056535, 0.080822, -0.500798, 1.017005, 0.528852, 0.100986] 
  31 : [ -0.059101, 0.083956, -0.499313, 1.014333, 0.526533, 0.106617] 
  32 : [ -0.061102, 0.086488, -0.497760, 1.011988, 0.525312, 0.109329] 
  33 : [ -0.062661, 0.089058, -0.496324, 1.009509, 0.524221, 0.111371] 
  34 : [ -0.062865, 0.091805, -0.494669, 1.006925, 0.523745, 0.114736] 
  35 : [ -0.064702, 0.094349, -0.493159, 1.004423, 0.522373, 0.117478] 
  36 : [ -0.066113, 0.097009, -0.491499, 1.001825, 0.521327, 0.120209] 
  37 : [ -0.066653, 0.099748, -0.489904, 0.999108, 0.520391, 0.123586] 
  38 : [ -0.067866, 0.102086, -0.488163, 0.996537, 0.519688, 0.125093] 
  39 : [ -0.069082, 0.104777, -0.486563, 0.993879, 0.518549, 0.128043] 
  40 : [ -0.072668, 0.107148, -0.484922, 0.991201, 0.516009, 0.129557] 
  41 : [ -0.073926, 0.109686, -0.483377, 0.988536, 0.514735, 0.131789] 
  42 : [ -0.075574, 0.111914, -0.481657, 0.985761, 0.512889, 0.132417] 
  43 : [ -0.076217, 0.114201, -0.480339, 0.983252, 0.511397, 0.132615] 
  44 : [ -0.076061, 0.116636, -0.478594, 0.980390, 0.511020, 0.134219] 
  45 : [ -0.077220, 0.119155, -0.476672, 0.977563, 0.509930, 0.136762] 
  46 : [ -0.077798, 0.120970, -0.475946, 0.975042, 0.505447, 0.134166] 
  47 : [ -0.079251, 0.123724, -0.473968, 0.972016, 0.504589, 0.137842] 
  48 : [ -0.079988, 0.126441, -0.471888, 0.968902, 0.504474, 0.141447] 
  49 : [ -0.080915, 0.129056, -0.469970, 0.965937, 0.503658, 0.144459] 
  50 : [ -0.081842, 0.131776, -0.467907, 0.962828, 0.503176, 0.148181] 
  51 : [ -0.082708, 0.134539, -0.465699, 0.959710, 0.502937, 0.152322] 
  52 : [ -0.081464, 0.136515, -0.464384, 0.956804, 0.501235, 0.151156] 
  53 : [ -0.082866, 0.139267, -0.462205, 0.953668, 0.500490, 0.155140] 
  54 : [ -0.083611, 0.141794, -0.460063, 0.950314, 0.499267, 0.157694] 
  55 : [ -0.083568, 0.144126, -0.458379, 0.947286, 0.497802, 0.158919] 
  56 : [ -0.084274, 0.146737, -0.456145, 0.943743, 0.496691, 0.161996] 
  57 : [ -0.085003, 0.149136, -0.454287, 0.940513, 0.494823, 0.163613] 
  58 : [ -0.085218, 0.151223, -0.452644, 0.937083, 0.491511, 0.163143] 
  59 : [ -0.084710, 0.153132, -0.451853, 0.934430, 0.486679, 0.161365] 
  60 : [ -0.086676, 0.155922, -0.449529, 0.930969, 0.485668, 0.165238] 
  61 : [ -0.086330, 0.158130, -0.448303, 0.928195, 0.483024, 0.165968] 
  62 : [ -0.085167, 0.160427, -0.446707, 0.924892, 0.481277, 0.167151] 
  63 : [ -0.088126, 0.162970, -0.444876, 0.921470, 0.476797, 0.169604] 
  64 : [ -0.085816, 0.165371, -0.442805, 0.917956, 0.477599, 0.171510] 
  65 : [ -0.092811, 0.168307, -0.440163, 0.914154, 0.472955, 0.176864] 
  66 : [ -0.091962, 0.170757, -0.437692, 0.910520, 0.473831, 0.179150] 
  67 : [ -0.090559, 0.173154, -0.435692, 0.906968, 0.473469, 0.180995] 
  68 : [ -0.089111, 0.175531, -0.433976, 0.903410, 0.471537, 0.182280] 
  69 : [ -0.087550, 0.177782, -0.432578, 0.899897, 0.467880, 0.182766] 
  70 : [ -0.089293, 0.180421, -0.429741, 0.895954, 0.467865, 0.186665] 
  71 : [ -0.089189, 0.182910, -0.427717, 0.892134, 0.465613, 0.188724] 
  72 : [ -0.089103, 0.185313, -0.425611, 0.888295, 0.463416, 0.190756] 
  73 : [ -0.090905, 0.187921, -0.422711, 0.884195, 0.463178, 0.194599] 
  74 : [ -0.090562, 0.190340, -0.420765, 0.880422, 0.460917, 0.196574] 
  75 : [ -0.091361, 0.192900, -0.418003, 0.876098, 0.459887, 0.199799] 
  76 : [ -0.089321, 0.195156, -0.416740, 0.872470, 0.455885, 0.200470] 
  77 : [ -0.088237, 0.197622, -0.414345, 0.867266, 0.452211, 0.202355] 
  78 : [ -0.088027, 0.200013, -0.412630, 0.864345, 0.450841, 0.204924] 
  79 : [ -0.081803, 0.204434, -0.410373, 0.858706, 0.448678, 0.220354] 
  80 : [ -0.088395, 0.207406, -0.405344, 0.853715, 0.452454, 0.228280] 
  81 : [ -0.089252, 0.209778, -0.402900, 0.849562, 0.450413, 0.231725] 
  82 : [ -0.094873, 0.212585, -0.398635, 0.844512, 0.450410, 0.239164] 
  83 : [ -0.096780, 0.215012, -0.395980, 0.840291, 0.448591, 0.242968] 
  84 : [ -0.098950, 0.216932, -0.393033, 0.836352, 0.448237, 0.244492] 
  85 : [ -0.098324, 0.219394, -0.390930, 0.831913, 0.444291, 0.248892] 
  86 : [ -0.098224, 0.221536, -0.388426, 0.827524, 0.441703, 0.251409] 
  87 : [ -0.098461, 0.223460, -0.386010, 0.823345, 0.439375, 0.253788] 
  88 : [ -0.099578, 0.225405, -0.383385, 0.819222, 0.437691, 0.256295] 
  89 : [ -0.091805, 0.224893, -0.383613, 0.816606, 0.435734, 0.241961] 
  90 : [ -0.095384, 0.227624, -0.380130, 0.812552, 0.435683, 0.250453] 
  91 : [ -0.097408, 0.229599, -0.376970, 0.808044, 0.434486, 0.254112] 
  92 : [ -0.094697, 0.230237, -0.375868, 0.804991, 0.432316, 0.248618] 
  93 : [ -0.102535, 0.233358, -0.370469, 0.799146, 0.432259, 0.261145] 
  94 : [ -0.102144, 0.235022, -0.368420, 0.795437, 0.430097, 0.263117] 
  95 : [ -0.102562, 0.236662, -0.366066, 0.791553, 0.428194, 0.265345] 
  96 : [ -0.101439, 0.237963, -0.364121, 0.787897, 0.426493, 0.265366] 
  97 : [ -0.100346, 0.239601, -0.362082, 0.783733, 0.423283, 0.267654] 
  98 : [ -0.099320, 0.240964, -0.360145, 0.779964, 0.420938, 0.268542] 
  99 : [ -0.099042, 0.242202, -0.357898, 0.776194, 0.419498, 0.269016] 
  100 : [ -0.098918, 0.243327, -0.355701, 0.772667, 0.418480, 0.269063] 
  101 : [ -0.104726, 0.245489, -0.351740, 0.768014, 0.416852, 0.276936] 
  102 : [ -0.106666, 0.246721, -0.348638, 0.763989, 0.416320, 0.278366] 
  103 : [ -0.096608, 0.247364, -0.349703, 0.761056, 0.410013, 0.274039] 
  104 : [ -0.096422, 0.248586, -0.347391, 0.757047, 0.407737, 0.275552] 
  105 : [ -0.096937, 0.250039, -0.344990, 0.752921, 0.404624, 0.278779] 
  106 : [ -0.102126, 0.251603, -0.340994, 0.748779, 0.405176, 0.283849] 
  107 : [ -0.107483, 0.252810, -0.337102, 0.744596, 0.405657, 0.287078] 
  108 : [ -0.109712, 0.253741, -0.334142, 0.740859, 0.405072, 0.288414] 
  109 : [ -0.112706, 0.254595, -0.331018, 0.737346, 0.404840, 0.289459] 
  110 : [ -0.114429, 0.255417, -0.328108, 0.733151, 0.403642, 0.289970] 
