%YAML:1.0
sol_joints:
  1 : [ 0.000000, -0.000000, 0.541375, -1.074779, -0.515951, -0.000000] 
  2 : [ 0.000094, 0.002198, 0.540186, -1.072792, -0.515260, 0.000330] 
  3 : [ 0.000221, 0.004524, 0.539227, -1.071098, -0.514891, 0.000599] 
  4 : [ 0.000385, 0.006920, 0.538176, -1.069407, -0.514911, 0.000919] 
  5 : [ 0.000584, 0.009218, 0.537201, -1.067803, -0.515159, 0.001371] 
  6 : [ 0.000854, 0.011701, 0.536042, -1.066062, -0.515761, 0.002106] 
  7 : [ 0.001153, 0.014010, 0.534956, -1.064366, -0.516422, 0.003090] 
  8 : [ 0.001629, 0.016547, 0.534053, -1.063159, -0.517609, 0.004663] 
  9 : [ 0.002363, 0.019372, 0.532612, -1.060953, -0.518889, 0.006808] 
  10 : [ 0.002972, 0.022028, 0.531176, -1.059123, -0.520689, 0.009427] 
  11 : [ 0.003394, 0.024743, 0.529517, -1.056962, -0.522967, 0.012720] 
  12 : [ 0.003069, 0.027678, 0.527916, -1.055209, -0.525788, 0.017103] 
  13 : [ 0.001766, 0.030760, 0.526320, -1.053313, -0.528675, 0.022180] 
  14 : [ -0.000379, 0.033849, 0.524579, -1.051275, -0.531305, 0.027807] 
  15 : [ -0.002774, 0.036809, 0.523644, -1.050511, -0.533269, 0.033182] 
  16 : [ -0.006076, 0.040001, 0.521677, -1.048112, -0.535021, 0.039477] 
  17 : [ -0.009640, 0.043182, 0.520048, -1.045984, -0.536170, 0.045557] 
  18 : [ -0.014007, 0.046549, 0.518703, -1.044326, -0.537447, 0.052162] 
  19 : [ -0.020189, 0.050136, 0.516554, -1.041578, -0.538577, 0.059982] 
  20 : [ -0.023929, 0.053076, 0.515353, -1.039898, -0.538524, 0.065077] 
  21 : [ -0.029557, 0.056212, 0.513820, -1.037711, -0.538334, 0.071348] 
  22 : [ -0.031564, 0.058927, 0.512394, -1.035521, -0.537839, 0.074104] 
  23 : [ -0.034748, 0.061635, 0.510966, -1.033329, -0.537226, 0.077785] 
  24 : [ -0.038485, 0.064605, 0.509492, -1.030992, -0.536353, 0.081930] 
  25 : [ -0.043759, 0.067399, 0.507952, -1.028771, -0.535333, 0.086143] 
  26 : [ -0.046527, 0.070151, 0.506486, -1.026453, -0.534133, 0.089612] 
  27 : [ -0.048454, 0.072804, 0.505120, -1.024132, -0.533015, 0.092561] 
  28 : [ -0.051126, 0.075543, 0.503709, -1.021770, -0.531722, 0.095592] 
  29 : [ -0.054006, 0.078215, 0.502227, -1.019425, -0.530306, 0.098616] 
  30 : [ -0.056535, 0.080822, 0.500798, -1.017005, -0.528852, 0.100986] 
  31 : [ -0.059101, 0.083956, 0.499313, -1.014333, -0.526533, 0.106617] 
  32 : [ -0.061102, 0.086488, 0.497760, -1.011988, -0.525312, 0.109329] 
  33 : [ -0.062661, 0.089058, 0.496324, -1.009509, -0.524221, 0.111371] 
  34 : [ -0.062865, 0.091805, 0.494669, -1.006925, -0.523745, 0.114736] 
  35 : [ -0.064702, 0.094349, 0.493159, -1.004423, -0.522373, 0.117478] 
  36 : [ -0.066113, 0.097009, 0.491499, -1.001825, -0.521327, 0.120209] 
  37 : [ -0.066653, 0.099748, 0.489904, -0.999108, -0.520391, 0.123586] 
  38 : [ -0.067866, 0.102086, 0.488163, -0.996537, -0.519688, 0.125093] 
  39 : [ -0.069082, 0.104777, 0.486563, -0.993879, -0.518549, 0.128043] 
  40 : [ -0.072668, 0.107148, 0.484922, -0.991201, -0.516009, 0.129557] 
  41 : [ -0.073926, 0.109686, 0.483377, -0.988536, -0.514735, 0.131789] 
  42 : [ -0.075574, 0.111914, 0.481657, -0.985761, -0.512889, 0.132417] 
  43 : [ -0.076217, 0.114201, 0.480339, -0.983252, -0.511397, 0.132615] 
  44 : [ -0.076061, 0.116636, 0.478594, -0.980390, -0.511020, 0.134219] 
  45 : [ -0.077220, 0.119155, 0.476672, -0.977563, -0.509930, 0.136762] 
  46 : [ -0.077798, 0.120970, 0.475946, -0.975042, -0.505447, 0.134166] 
  47 : [ -0.079251, 0.123724, 0.473968, -0.972016, -0.504589, 0.137842] 
  48 : [ -0.079988, 0.126441, 0.471888, -0.968902, -0.504474, 0.141447] 
  49 : [ -0.080915, 0.129056, 0.469970, -0.965937, -0.503658, 0.144459] 
  50 : [ -0.081842, 0.131776, 0.467907, -0.962828, -0.503176, 0.148181] 
  51 : [ -0.082708, 0.134539, 0.465699, -0.959710, -0.502937, 0.152322] 
  52 : [ -0.081464, 0.136515, 0.464384, -0.956804, -0.501235, 0.151156] 
  53 : [ -0.082866, 0.139267, 0.462205, -0.953668, -0.500490, 0.155140] 
  54 : [ -0.083611, 0.141794, 0.460063, -0.950314, -0.499267, 0.157694] 
  55 : [ -0.083568, 0.144126, 0.458379, -0.947286, -0.497802, 0.158919] 
  56 : [ -0.084274, 0.146737, 0.456145, -0.943743, -0.496691, 0.161996] 
  57 : [ -0.085003, 0.149136, 0.454287, -0.940513, -0.494823, 0.163613] 
  58 : [ -0.085218, 0.151223, 0.452644, -0.937083, -0.491511, 0.163143] 
  59 : [ -0.084710, 0.153132, 0.451853, -0.934430, -0.486679, 0.161365] 
  60 : [ -0.086676, 0.155922, 0.449529, -0.930969, -0.485668, 0.165238] 
  61 : [ -0.086330, 0.158130, 0.448303, -0.928195, -0.483024, 0.165968] 
  62 : [ -0.085167, 0.160427, 0.446707, -0.924892, -0.481277, 0.167151] 
  63 : [ -0.088126, 0.162970, 0.444876, -0.921470, -0.476797, 0.169604] 
  64 : [ -0.085816, 0.165371, 0.442805, -0.917956, -0.477599, 0.171510] 
  65 : [ -0.092811, 0.168307, 0.440163, -0.914154, -0.472955, 0.176864] 
  66 : [ -0.091962, 0.170757, 0.437692, -0.910520, -0.473831, 0.179150] 
  67 : [ -0.090559, 0.173154, 0.435692, -0.906968, -0.473469, 0.180995] 
  68 : [ -0.089111, 0.175531, 0.433976, -0.903410, -0.471537, 0.182280] 
  69 : [ -0.087550, 0.177782, 0.432578, -0.899897, -0.467880, 0.182766] 
  70 : [ -0.089293, 0.180421, 0.429741, -0.895954, -0.467865, 0.186665] 
  71 : [ -0.089189, 0.182910, 0.427717, -0.892134, -0.465613, 0.188724] 
  72 : [ -0.089103, 0.185313, 0.425611, -0.888295, -0.463416, 0.190756] 
  73 : [ -0.090905, 0.187921, 0.422711, -0.884195, -0.463178, 0.194599] 
  74 : [ -0.090562, 0.190340, 0.420765, -0.880422, -0.460917, 0.196574] 
  75 : [ -0.091361, 0.192900, 0.418003, -0.876098, -0.459887, 0.199799] 
  76 : [ -0.089321, 0.195156, 0.416740, -0.872470, -0.455885, 0.200470] 
  77 : [ -0.088443, 0.197589, 0.415208, -0.869061, -0.453070, 0.202374] 
  78 : [ -0.090285, 0.200188, 0.413331, -0.866693, -0.453651, 0.206122] 
  79 : [ -0.081656, 0.204600, 0.413863, -0.864086, -0.449646, 0.219875] 
  80 : [ -0.091116, 0.207368, 0.410181, -0.863199, -0.458171, 0.226571] 
  81 : [ -0.093968, 0.210221, 0.409998, -0.863828, -0.459137, 0.231507] 
  82 : [ -0.093973, 0.212387, 0.411483, -0.866043, -0.459217, 0.231880] 
  83 : [ -0.097135, 0.214619, 0.412577, -0.869059, -0.461417, 0.233483] 
  84 : [ -0.097181, 0.216545, 0.415677, -0.873412, -0.461279, 0.231984] 
  85 : [ -0.121101, 0.219868, 0.413368, -0.877068, -0.462649, 0.242638] 
  86 : [ -0.125157, 0.223828, 0.414495, -0.880966, -0.466203, 0.255084] 
  87 : [ -0.117148, 0.225320, 0.420030, -0.888618, -0.472578, 0.250696] 
  88 : [ -0.118999, 0.228249, 0.423327, -0.895012, -0.475558, 0.256404] 
  89 : [ -0.122079, 0.231079, 0.427487, -0.902832, -0.478642, 0.261207] 
  90 : [ -0.120411, 0.233668, 0.432693, -0.911070, -0.481681, 0.264126] 
  91 : [ -0.119129, 0.236492, 0.438651, -0.920131, -0.483819, 0.268239] 
  92 : [ -0.124306, 0.239201, 0.443172, -0.929595, -0.488509, 0.272579] 
  93 : [ -0.119076, 0.241699, 0.451241, -0.940078, -0.488790, 0.273702] 
  94 : [ -0.122295, 0.244408, 0.457015, -0.950637, -0.493061, 0.277954] 
  95 : [ -0.124697, 0.247273, 0.463275, -0.961493, -0.496523, 0.282580] 
  96 : [ -0.131179, 0.250099, 0.468451, -0.972740, -0.503156, 0.287529] 
  97 : [ -0.135230, 0.252861, 0.474715, -0.984438, -0.508137, 0.291908] 
  98 : [ -0.143706, 0.255266, 0.480069, -0.996738, -0.515618, 0.294502] 
  99 : [ -0.152719, 0.257445, 0.486188, -1.009610, -0.520572, 0.295127] 
  100 : [ -0.159829, 0.259848, 0.493389, -1.022670, -0.522125, 0.295930] 
  101 : [ -0.164966, 0.262429, 0.501243, -1.035665, -0.522256, 0.297811] 
  102 : [ -0.169191, 0.265250, 0.509703, -1.048856, -0.521360, 0.300856] 
  103 : [ -0.172300, 0.268241, 0.518636, -1.061890, -0.519679, 0.304774] 
  104 : [ -0.173272, 0.271544, 0.528384, -1.074873, -0.515224, 0.309765] 
  105 : [ -0.171508, 0.275152, 0.538598, -1.087776, -0.511196, 0.316522] 
  106 : [ -0.172367, 0.278935, 0.546519, -1.099290, -0.512073, 0.325235] 
  107 : [ -0.177084, 0.282911, 0.553561, -1.111965, -0.517256, 0.336651] 
  108 : [ -0.185916, 0.286893, 0.558872, -1.124664, -0.526401, 0.348698] 
  109 : [ -0.195841, 0.290731, 0.563494, -1.137519, -0.538477, 0.359473] 
